1.527271e+00 -5.450910e+00 2.727271e+00 -5.432294e+00 
1.393030e+00 -7.831127e+00 2.593030e+00 -7.839037e+00 
3.749930e-01 -1.193147e+01 1.774993e+00 -1.193919e+01 
7.260017e-02 -1.616240e+01 1.272600e+00 -1.616129e+01 
-1.946779e-01 -1.860028e+01 1.205322e+00 -1.860597e+01 
-3.510091e-02 -2.165376e+01 1.164899e+00 -2.165346e+01 
-3.439042e-01 -2.308286e+01 1.056096e+00 -2.308562e+01 
-3.439042e-01 3.263286e+01 1.056096e+00 3.263562e+01 
-7.800341e-01 3.180271e+01 6.199659e-01 3.179867e+01 
-1.102854e+00 2.871311e+01 2.971459e-01 2.871480e+01 
-1.227088e+00 2.620366e+01 -2.708817e-02 2.620779e+01 
-1.570855e+00 2.192584e+01 -3.708550e-01 2.192505e+01 
-2.379705e+00 1.785217e+01 -9.797049e-01 1.782190e+01 
-2.462922e+00 1.545152e+01 -1.262922e+00 1.544837e+01 
