0 5.000000e-01 9.000132e-01 9.334415e+00 
-1 1.300000e+00 -8.463809e-02 8.368168e+00 
-2 2.400000e+00 -1.131239e+00 7.252789e+00 
-3 3.200000e+00 -2.154277e+00 6.513840e+00 
-4 3.600000e+00 -3.015261e+00 6.172126e+00 
-5 4.100000e+00 -4.001899e+00 5.769620e+00 
-6 4.600000e+00 -5.192299e+00 5.269618e+00 
-6 4.950000e+00 -5.192299e+00 4.280382e+00 
-5 6.400000e+00 -4.128880e+00 3.812478e+00 
-4 6.800000e+00 -3.075375e+00 3.384191e+00 
-3 7.100000e+00 -2.127306e+00 3.053350e+00 
-2 7.800000e+00 -1.104091e+00 2.397339e+00 
-1 8.800000e+00 -2.854063e-02 1.450395e+00 
0 9.600000e+00 8.131970e-01 6.917086e-01 
